repeat wait()
until game:IsLoaded()

local world = game.PlaceId
    if world == 2753915549 then
        world1 = true
    elseif world == 4442272183 then
        world2 = true
    elseif world == 7449423635 then
        world3 = true
    end
weapon = {}

for a, i in pairs(game.Players.LocalPlayer.Backpack:GetChildren()) do
    table.insert(weapon, i.Name)

end
function AC()
    local VU = game:GetService("VirtualUser")
    local q = game.Players.LocalPlayer.PlayerGui.Main.Quest
    local RigC = require(game:GetService("Players").LocalPlayer.PlayerScripts.CombatFramework)
    if q.Visible == true then
    VU:CaptureController()
    VU:ClickButton1(Vector2.new(0.9,0.9))
    VU:CaptureController()
    VU:ClickButton1(Vector2.new(0.9,0.9))
    game:GetService("RunService").Heartbeat:Connect(function()
    RigC.activeController.timeToNextAttack = 0
    end)
end
end


function AutoStats()
local args = {
    [1] = "AddPoint",
    [2] = _G.Stats,
    [3] = _G.PointStats
}

game:GetService("ReplicatedStorage").Remotes.CommF_:InvokeServer(unpack(args))
end

function CQ()
local lv = game.Players.LocalPlayer.Data.Level.Value
local q = game.Players.LocalPlayer.PlayerGui.Main.Quest
if world1 then
    if lv == 1 or lv <= 9 then
        Mob = "Bandit [Lv. 5]"
        Quest = "BanditQuest1"
        LvQuest = 1
        S = "StartQuest"
        lctQuest = CFrame.new(1061.66699, 16.5166187, 1544.52905, -0.942978859, -3.33851502e-09, 0.332852632, 7.04340497e-09, 1, 2.99841325e-08, -0.332852632, 3.06188177e-08, -0.942978859)
        posQuest = Vector3.new(1061.66699, 16.5166187, 1544.52905, -0.942978859, -3.33851502e-09, 0.332852632, 7.04340497e-09, 1, 2.99841325e-08, -0.332852632, 3.06188177e-08, -0.942978859)
    elseif lv == 10 or lv <= 19 then
        Mob = "Monkey [Lv. 14]"
        Quest = "JungleQuest"
        LvQuest = 1
        S = "StartQuest"
        lctQuest = CFrame.new(-1604.12012, 36.8521118, 154.23732, 0.0648873374, -4.70858913e-06, -0.997892559, 1.41431883e-07, 1, -4.70933674e-06, 0.997892559, 1.64442184e-07, 0.0648873374)
        posQuest = Vector3.new(-1604.12012, 36.8521118, 154.23732, 0.0648873374, -4.70858913e-06, -0.997892559, 1.41431883e-07, 1, -4.70933674e-06, 0.997892559, 1.64442184e-07, 0.0648873374)
    elseif lv == 20 or lv <= 29 then
        Mob = "Gorilla [Lv. 20]"
        Quest = "JungleQuest"
        LvQuest = 2
        S = "StartQuest"
        posQuest = Vector3.new(-1604.12012, 36.8521118, 154.23732, 0.0648873374, -4.70858913e-06, -0.997892559, 1.41431883e-07, 1, -4.70933674e-06, 0.997892559, 1.64442184e-07, 0.0648873374)
        lctQuest = CFrame.new(-1604.12012, 36.8521118, 154.23732, 0.0648873374, -4.70858913e-06, -0.997892559, 1.41431883e-07, 1, -4.70933674e-06, 0.997892559, 1.64442184e-07, 0.0648873374)
    elseif lv == 30 or lv <= 39 then
        Mob = "Pirate [Lv. 35]"
        Quest = "BuggyQuest1"
        LvQuest = 1
        S = "StartQuest"
        posQuest = Vector3.new(-1139.59717, 4.75205183, 3825.16211, -0.959730506, -7.5857054e-09, 0.280922383, -4.06310328e-08, 1, -1.11807175e-07, -0.280922383, -1.18718916e-07, -0.959730506)
        lctQuest = CFrame.new(-1139.59717, 4.75205183, 3825.16211, -0.959730506, -7.5857054e-09, 0.280922383, -4.06310328e-08, 1, -1.11807175e-07, -0.280922383, -1.18718916e-07, -0.959730506)
    elseif lv == 40 or lv <= 59 then
        Mob = "Brute [Lv. 45]"
        Quest = "BuggyQuest1"
        LvQuest = 2
        S = "StartQuest"
        posQuest = Vector3.new(-1139.59717, 4.75205183, 3825.16211, -0.959730506, -7.5857054e-09, 0.280922383, -4.06310328e-08, 1, -1.11807175e-07, -0.280922383, -1.18718916e-07, -0.959730506)
        lctQuest = CFrame.new(-1139.59717, 4.75205183, 3825.16211, -0.959730506, -7.5857054e-09, 0.280922383, -4.06310328e-08, 1, -1.11807175e-07, -0.280922383, -1.18718916e-07, -0.959730506)
    elseif lv == 60 or lv <= 74 then
        Mob = "Desert Bandit [Lv. 60]"
        Quest = "DesertQuest"
        LvQuest = 1
        S = "StartQuest"
        posQuest = Vector3.new(897.031128, 6.43846416, 4388.97168, -0.804044724, 3.68233266e-08, 0.594568789, 6.97835176e-08, 1, 3.24365246e-08, -0.594568789, 6.75715199e-08, -0.804044724)
        lctQuest = CFrame.new(897.031128, 6.43846416, 4388.97168, -0.804044724, 3.68233266e-08, 0.594568789, 6.97835176e-08, 1, 3.24365246e-08, -0.594568789, 6.75715199e-08, -0.804044724)
    elseif lv == 75 or lv <= 89 then
        Mob = "Desert Officer [Lv. 70]"
        Quest = "DesertQuest"
        LvQuest = 2
        S = "StartQuest"
        posQuest = Vector3.new(897.031128, 6.43846416, 4388.97168, -0.804044724, 3.68233266e-08, 0.594568789, 6.97835176e-08, 1, 3.24365246e-08, -0.594568789, 6.75715199e-08, -0.804044724)
        lctQuest = CFrame.new(897.031128, 6.43846416, 4388.97168, -0.804044724, 3.68233266e-08, 0.594568789, 6.97835176e-08, 1, 3.24365246e-08, -0.594568789, 6.75715199e-08, -0.804044724)
    elseif lv == 90 or lv <= 99 then
        Mob = "Snow Bandit [Lv. 90]"
        Quest = "SnowQuest"
        LvQuest = 1
        S = "StartQuest"
        posQuest = Vector3.new(1384.14001, 87.272789, -1297.06482, 0.348555952, -2.53947841e-09, -0.937287986, 1.49860568e-08, 1, 2.86358204e-09, 0.937287986, -1.50443711e-08, 0.348555952)
        lctQuest = CFrame.new(1384.14001, 87.272789, -1297.06482, 0.348555952, -2.53947841e-09, -0.937287986, 1.49860568e-08, 1, 2.86358204e-09, 0.937287986, -1.50443711e-08, 0.348555952)
    elseif lv == 100 or lv <= 119 then
        Mob = "Snowman [Lv. 100]"
        Quest = "SnowQuest"
        LvQuest = 2
        S = "StartQuest"
        posQuest = Vector3.new(1384.14001, 87.272789, -1297.06482, 0.348555952, -2.53947841e-09, -0.937287986, 1.49860568e-08, 1, 2.86358204e-09, 0.937287986, -1.50443711e-08, 0.348555952)
        lctQuest = CFrame.new(1384.14001, 87.272789, -1297.06482, 0.348555952, -2.53947841e-09, -0.937287986, 1.49860568e-08, 1, 2.86358204e-09, 0.937287986, -1.50443711e-08, 0.348555952)
    elseif lv == 120 or lv <= 149 then
        Mob = "Chief Petty Officer [Lv. 120]"
        Quest = "MarineQuest2"
        LvQuest = 1
        S = "StartQuest"
        posQuest = Vector3.new(-5035.0835, 28.6520386, 4325.29443, 0.0243340395, -7.08064647e-08, 0.999703884, -6.36926814e-08, 1, 7.23777944e-08, -0.999703884, -6.54350671e-08, 0.0243340395)
        lctQuest = CFrame.new(-5035.0835, 28.6520386, 4325.29443, 0.0243340395, -7.08064647e-08, 0.999703884, -6.36926814e-08, 1, 7.23777944e-08, -0.999703884, -6.54350671e-08, 0.0243340395)
    elseif lv == 150 or lv <= 174 then
        Mob = "Sky Bandit [Lv. 150]"
        Quest = "SkyQuest"
        LvQuest = 1
        S = "StartQuest"
        posQuest = Vector3.new(-4841.83447, 717.669617, -2623.96436, -0.875942111, 5.59710216e-08, -0.482416272, 3.04023082e-08, 1, 6.08195947e-08, 0.482416272, 3.86078725e-08, -0.875942111)
        lctQuest = CFrame.new(-4841.83447, 717.669617, -2623.96436, -0.875942111, 5.59710216e-08, -0.482416272, 3.04023082e-08, 1, 6.08195947e-08, 0.482416272, 3.86078725e-08, -0.875942111)
    elseif lv == 175 or lv <= 224 then
        Mob = "Dark Master [Lv. 175]"
        Quest = "SkyQuest"
        LvQuest = 2
        S = "StartQuest"
        posQuest = Vector3.new(-4841.83447, 717.669617, -2623.96436, -0.875942111, 5.59710216e-08, -0.482416272, 3.04023082e-08, 1, 6.08195947e-08, 0.482416272, 3.86078725e-08, -0.875942111)
        lctQuest = CFrame.new(-4841.83447, 717.669617, -2623.96436, -0.875942111, 5.59710216e-08, -0.482416272, 3.04023082e-08, 1, 6.08195947e-08, 0.482416272, 3.86078725e-08, -0.875942111)
    elseif lv == 225 or lv <= 274 then
        Mob = "Toga Warrior [Lv. 225]"
        Quest = "ColosseumQuest"
        LvQuest = 1
        S = "StartQuest"
        posQuest = Vector3.new(-1576.11743, 7.38933945, -2983.30762, 0.576966345, 1.22114863e-09, 0.816767931, -3.58496594e-10, 1, -1.24185606e-09, -0.816767931, 4.2370063e-10, 0.576966345)
        lctQuest =  CFrame.new(-1576.11743, 7.38933945, -2983.30762, 0.576966345, 1.22114863e-09, 0.816767931, -3.58496594e-10, 1, -1.24185606e-09, -0.816767931, 4.2370063e-10, 0.576966345)
    elseif lv == 275 or lv <= 299 then
        Mob = "Gladiator [Lv. 275]"
        Quest = "ColosseumQuest"
        LvQuest = 2
        S = "StartQuest"
        posQuest = Vector3.new(-1576.11743, 7.38933945, -2983.30762, 0.576966345, 1.22114863e-09, 0.816767931, -3.58496594e-10, 1, -1.24185606e-09, -0.816767931, 4.2370063e-10, 0.576966345)
        lctQuest = CFrame.new(-1576.11743, 7.38933945, -2983.30762, 0.576966345, 1.22114863e-09, 0.816767931, -3.58496594e-10, 1, -1.24185606e-09, -0.816767931, 4.2370063e-10, 0.576966345)
    elseif lv == 300 or lv <= 329 then
        Mob = "Military Soldier [Lv. 300]"
        Quest = "MagmaQuest"
        LvQuest = 1
        S = "StartQuest"
        posQuest = Vector3.new(-5316.55859, 12.2370615, 8517.2998, 0.588437557, -1.37880001e-08, -0.808542669, -2.10116209e-08, 1, -3.23446478e-08, 0.808542669, 3.60215964e-08, 0.588437557)
        lctQuest = CFrame.new(-5316.55859, 12.2370615, 8517.2998, 0.588437557, -1.37880001e-08, -0.808542669, -2.10116209e-08, 1, -3.23446478e-08, 0.808542669, 3.60215964e-08, 0.588437557)
    elseif lv == 330 or lv <= 449 then
        Mob = "Military Spy [Lv. 330]"
        Quest = "MagmaQuest"
        LvQuest = 2
        S = "StartQuest"
        posQuest = Vector3.new(-5316.55859, 12.2370615, 8517.2998, 0.588437557, -1.37880001e-08, -0.808542669, -2.10116209e-08, 1, -3.23446478e-08, 0.808542669, 3.60215964e-08, 0.588437557)
        lctQuest = CFrame.new(-5316.55859, 12.2370615, 8517.2998, 0.588437557, -1.37880001e-08, -0.808542669, -2.10116209e-08, 1, -3.23446478e-08, 0.808542669, 3.60215964e-08, 0.588437557)
    elseif lv == 450 or lv <= 474 then
        Mob = "God's Guard [Lv. 450]"
        Quest = "SkyExp1Quest"
        LvQuest = 1
        S = "StartQuest"
        posQuest = Vector3.new(-4721.71436, 845.277161, -1954.20105, -0.999277651, -5.56969759e-09, 0.0380011722, -4.14751478e-09, 1, 3.75035256e-08, -0.0380011722, 3.73188307e-08, -0.999277651)
        lctQuest = CFrame.new(-4721.71436, 845.277161, -1954.20105, -0.999277651, -5.56969759e-09, 0.0380011722, -4.14751478e-09, 1, 3.75035256e-08, -0.0380011722, 3.73188307e-08, -0.999277651)
    elseif lv == 475 or lv <= 524 then
        Mob = "Shanda [Lv. 475]"
        Quest = "SkyExp1Quest"
        LvQuest = 2
        S = "StartQuest"
        posQuest = Vector3.new(-7863.63672, 5545.49316, -379.826324, 0.362120807, -1.98046344e-08, -0.93213129, 4.05822291e-08, 1, -5.48095125e-09, 0.93213129, -3.58431969e-08, 0.362120807)
        lctQuest = CFrame.new(-7863.63672, 5545.49316, -379.826324, 0.362120807, -1.98046344e-08, -0.93213129, 4.05822291e-08, 1, -5.48095125e-09, 0.93213129, -3.58431969e-08, 0.362120807)
    elseif lv == 525 or lv <= 549 then
        Mob = "Royal Squad [Lv. 525]"
        Quest = "SkyExp2Quest"
        LvQuest = 1
        S = "StartQuest"
        posQuest = Vector3.new(-7902.66895, 5635.96387, -1411.71802, 0.0504222959, 2.5710392e-08, 0.998727977, 1.12541557e-07, 1, -3.14249675e-08, -0.998727977, 1.13982921e-07, 0.0504222959)
        lctQuest = CFrame.new(-7902.66895, 5635.96387, -1411.71802, 0.0504222959, 2.5710392e-08, 0.998727977, 1.12541557e-07, 1, -3.14249675e-08, -0.998727977, 1.13982921e-07, 0.0504222959)
    elseif lv == 550 or lv <= 624 then
        Mob = "Royal Soldier [Lv. 550]"
        Quest = "SkyExp2Quest"
        LvQuest = 2
        S = "StartQuest"
        posQuest = Vector3.new(-7902.66895, 5635.96387, -1411.71802, 0.0504222959, 2.5710392e-08, 0.998727977, 1.12541557e-07, 1, -3.14249675e-08, -0.998727977, 1.13982921e-07, 0.0504222959)
        lctQuest = CFrame.new(-7902.66895, 5635.96387, -1411.71802, 0.0504222959, 2.5710392e-08, 0.998727977, 1.12541557e-07, 1, -3.14249675e-08, -0.998727977, 1.13982921e-07, 0.0504222959)
    elseif lv == 625 or lv <= 649 then
        Mob = "Galley Pirate [Lv. 625]"
        Quest = "FountainQuest"
        LvQuest = 1
        S = "StartQuest"
        posQuest = Vector3.new(5254.60156, 38.5011406, 4049.69678, -0.0504891425, -3.62066501e-08, -0.998724639, -9.87921389e-09, 1, -3.57534553e-08, 0.998724639, 8.06145284e-09, -0.0504891425)
        lctQuest = CFrame.new(5254.60156, 38.5011406, 4049.69678, -0.0504891425, -3.62066501e-08, -0.998724639, -9.87921389e-09, 1, -3.57534553e-08, 0.998724639, 8.06145284e-09, -0.0504891425)
    elseif lv >= 650 or lv <= 2100 then
        Mob = "Galley Captain [Lv. 650]"
        Quest = "FountainQuest"
        LvQuest = 2
        S = "StartQuest"
        posQuest = Vector3.new(5254.60156, 38.5011406, 4049.69678, -0.0504891425, -3.62066501e-08, -0.998724639, -9.87921389e-09, 1, -3.57534553e-08, 0.998724639, 8.06145284e-09, -0.0504891425)
        lctQuest = CFrame.new(5254.60156, 38.5011406, 4049.69678, -0.0504891425, -3.62066501e-08, -0.998724639, -9.87921389e-09, 1, -3.57534553e-08, 0.998724639, 8.06145284e-09, -0.0504891425)
    end
end
if world2 then
    if lv == 700 or lv <= 724 then -- Raider [Lv. 700]
        Mob = "Raider [Lv. 700]"
        Quest = "Area1Quest"
        LvQuest = 1
        S = "StartQuest" 
        posQuest = Vector3.new(-424.080078, 73.0055847, 1836.91589, 0.253544956, -1.42165932e-08, 0.967323601, -6.00147771e-08, 1, 3.04272909e-08, -0.967323601, -6.5768397e-08, 0.253544956)
        lctQuest = CFrame.new(-424.080078, 73.0055847, 1836.91589, 0.253544956, -1.42165932e-08, 0.967323601, -6.00147771e-08, 1, 3.04272909e-08, -0.967323601, -6.5768397e-08, 0.253544956)
    elseif lv == 725 or lv <= 774 then -- Mercenary [Lv. 725]
        Mob = "Mercenary [Lv. 725]"
        Quest = "Area1Quest"
        LvQuest = 2
        S = "StartQuest"
        posQuest = Vector3.new(-424.080078, 73.0055847, 1836.91589, 0.253544956, -1.42165932e-08, 0.967323601, -6.00147771e-08, 1, 3.04272909e-08, -0.967323601, -6.5768397e-08, 0.253544956)
        lctQuest = CFrame.new(-424.080078, 73.0055847, 1836.91589, 0.253544956, -1.42165932e-08, 0.967323601, -6.00147771e-08, 1, 3.04272909e-08, -0.967323601, -6.5768397e-08, 0.253544956)
    elseif lv == 775 or lv <= 799 then -- Swan Pirate [Lv. 775]
        Mob = "Swan Pirate [Lv. 775]"
        Quest = "Area2Quest"
        LvQuest = 1
        S = "StartQuest"
        posQuest = Vector3.new(632.698608, 73.1055908, 918.666321, -0.0319722369, 8.96074881e-10, -0.999488771, 1.36326533e-10, 1, 8.92172336e-10, 0.999488771, -1.07732087e-10, -0.0319722369)
        lctQuest = CFrame.new(632.698608, 73.1055908, 918.666321, -0.0319722369, 8.96074881e-10, -0.999488771, 1.36326533e-10, 1, 8.92172336e-10, 0.999488771, -1.07732087e-10, -0.0319722369)
    elseif lv == 800 or lv <= 874 then -- Factory Staff [Lv. 800]
        Mob = "Factory Staff [Lv. 800]"
        Quest = "Area2Quest"
        LvQuest = 2
        S = "StartQuest"
        posQuest = Vector3.new(632.698608, 73.1055908, 918.666321, -0.0319722369, 8.96074881e-10, -0.999488771, 1.36326533e-10, 1, 8.92172336e-10, 0.999488771, -1.07732087e-10, -0.0319722369)
        lctQuest = CFrame.new(632.698608, 73.1055908, 918.666321, -0.0319722369, 8.96074881e-10, -0.999488771, 1.36326533e-10, 1, 8.92172336e-10, 0.999488771, -1.07732087e-10, -0.0319722369)
    elseif lv == 875 or lv <= 899 then -- Marine Lieutenant [Lv. 875]
        Mob = "Marine Lieutenant [Lv. 875]"
        Quest = "MarineQuest3"
        LvQuest = 1
        S = "StartQuest"
        posQuest = Vector3.new(-2442.65015, 73.0511475, -3219.11523, -0.873540044, 4.2329841e-08, -0.486752301, 5.64383384e-08, 1, -1.43220786e-08, 0.486752301, -3.99823996e-08, -0.873540044)
        lctQuest = CFrame.new(-2442.65015, 73.0511475, -3219.11523, -0.873540044, 4.2329841e-08, -0.486752301, 5.64383384e-08, 1, -1.43220786e-08, 0.486752301, -3.99823996e-08, -0.873540044)
    elseif lv == 900 or lv <= 949 then -- Marine Captain [Lv. 900]
        Mob = "Marine Captain [Lv. 900]"
        Quest = "MarineQuest3"
        LvQuest = 2
        S = "StartQuest"
        posQuest = Vector3.new(-2442.65015, 73.0511475, -3219.11523, -0.873540044, 4.2329841e-08, -0.486752301, 5.64383384e-08, 1, -1.43220786e-08, 0.486752301, -3.99823996e-08, -0.873540044)
        lctQuest = CFrame.new(-2442.65015, 73.0511475, -3219.11523, -0.873540044, 4.2329841e-08, -0.486752301, 5.64383384e-08, 1, -1.43220786e-08, 0.486752301, -3.99823996e-08, -0.873540044)
    elseif lv == 950 or lv <= 974 then -- Zombie [Lv. 950]
        Mob = "Zombie [Lv. 950]"
        Quest = "ZombieQuest"
        LvQuest = 1
        S = "StartQuest"
        posQuest = Vector3.new(-5492.79395, 48.5151672, -793.710571, 0.321800292, -6.24695815e-08, 0.946807742, 4.05616092e-08, 1, 5.21931227e-08, -0.946807742, 2.16082796e-08, 0.321800292)
        lctQuest = CFrame.new(-5492.79395, 48.5151672, -793.710571, 0.321800292, -6.24695815e-08, 0.946807742, 4.05616092e-08, 1, 5.21931227e-08, -0.946807742, 2.16082796e-08, 0.321800292)
    elseif lv == 975 or lv <= 999 then -- Vampire [Lv. 975]
        Mob = "Vampire [Lv. 975]"
        Quest = "ZombieQuest"
        LvQuest = 2
        S = "StartQuest"
        posQuest = Vector3.new(-5492.79395, 48.5151672, -793.710571, 0.321800292, -6.24695815e-08, 0.946807742, 4.05616092e-08, 1, 5.21931227e-08, -0.946807742, 2.16082796e-08, 0.321800292)
        lctQuest = CFrame.new(-5492.79395, 48.5151672, -793.710571, 0.321800292, -6.24695815e-08, 0.946807742, 4.05616092e-08, 1, 5.21931227e-08, -0.946807742, 2.16082796e-08, 0.321800292)
    elseif lv == 1000 or lv <= 1049 then -- Snow Trooper [Lv. 1000] **
        Mob = "Snow Trooper [Lv. 1000]"
        Quest = "SnowMountainQuest"
        LvQuest = 1
        S = "StartQuest"
        posQuest = Vector3.new(604.964966, 401.457062, -5371.69287, 0.353063971, 1.89520435e-08, -0.935599446, -5.81846002e-08, 1, -1.70033754e-09, 0.935599446, 5.50377841e-08, 0.353063971)
        lctQuest = CFrame.new(604.964966, 401.457062, -5371.69287, 0.353063971, 1.89520435e-08, -0.935599446, -5.81846002e-08, 1, -1.70033754e-09, 0.935599446, 5.50377841e-08, 0.353063971)
    elseif lv == 1050 or lv <= 1099 then -- Winter Warrior [Lv. 1050]
        Mob = "Winter Warrior [Lv. 1050]"
        Quest = "SnowMountainQuest"
        LvQuest = 2
        S = "StartQuest"
        posQuest = Vector3.new(604.964966, 401.457062, -5371.69287, 0.353063971, 1.89520435e-08, -0.935599446, -5.81846002e-08, 1, -1.70033754e-09, 0.935599446, 5.50377841e-08, 0.353063971)
        lctQuest = CFrame.new(604.964966, 401.457062, -5371.69287, 0.353063971, 1.89520435e-08, -0.935599446, -5.81846002e-08, 1, -1.70033754e-09, 0.935599446, 5.50377841e-08, 0.353063971)
    elseif lv == 1100 or lv <= 1124 then -- Lab Subordinate [Lv. 1100]
        Mob = "Lab Subordinate [Lv. 1100]"
        Quest = "IceSideQuest"
        LvQuest = 1
        S = "StartQuest"
        posQuest = Vector3.new(-6060.10693, 15.9868021, -4904.7876, -0.411000341, -5.06538868e-07, 0.91163528, 1.26306062e-07, 1, 6.12581289e-07, -0.91163528, 3.66916197e-07, -0.411000341)
        lctQuest = CFrame.new(-6060.10693, 15.9868021, -4904.7876, -0.411000341, -5.06538868e-07, 0.91163528, 1.26306062e-07, 1, 6.12581289e-07, -0.91163528, 3.66916197e-07, -0.411000341)
    elseif lv == 1125 or lv <= 1174 then -- Horned Warrior [Lv. 1125]
        Mob = "Horned Warrior [Lv. 1125]"
        Quest = "IceSideQuest"
        LvQuest = 2
        S = "StartQuest"
        posQuest = Vector3.new(-6060.10693, 15.9868021, -4904.7876, -0.411000341, -5.06538868e-07, 0.91163528, 1.26306062e-07, 1, 6.12581289e-07, -0.91163528, 3.66916197e-07, -0.411000341)
        lctQuest = CFrame.new(-6060.10693, 15.9868021, -4904.7876, -0.411000341, -5.06538868e-07, 0.91163528, 1.26306062e-07, 1, 6.12581289e-07, -0.91163528, 3.66916197e-07, -0.411000341)
    elseif lv == 1175 or lv <= 1199 then -- Magma Ninja [Lv. 1175]
        Mob = "Magma Ninja [Lv. 1175]"
        Quest = "FireSideQuest"
        LvQuest = 1
        S = "StartQuest"
        posQuest = Vector3.new(-5431.09473, 15.9868021, -5296.53223, 0.831796765, 1.15322464e-07, -0.555080295, -1.10814341e-07, 1, 4.17010995e-08, 0.555080295, 2.68240168e-08, 0.831796765)
        lctQuest = CFrame.new(-5431.09473, 15.9868021, -5296.53223, 0.831796765, 1.15322464e-07, -0.555080295, -1.10814341e-07, 1, 4.17010995e-08, 0.555080295, 2.68240168e-08, 0.831796765)
    elseif lv == 1200 or lv <= 1249 then -- Lava Pirate [Lv. 1200]
        Mob = "Lava Pirate [Lv. 1200]"
        Quest = "FireSideQuest"
        LvQuest = 2
        S = "StartQuest"
        posQuest = Vector3.new(-5431.09473, 15.9868021, -5296.53223, 0.831796765, 1.15322464e-07, -0.555080295, -1.10814341e-07, 1, 4.17010995e-08, 0.555080295, 2.68240168e-08, 0.831796765)
        lctQuest = CFrame.new(-5431.09473, 15.9868021, -5296.53223, 0.831796765, 1.15322464e-07, -0.555080295, -1.10814341e-07, 1, 4.17010995e-08, 0.555080295, 2.68240168e-08, 0.831796765)
    elseif lv == 1250 or lv <= 1274 then -- Ship Deckhand [Lv. 1250]
        Mob = "Ship Deckhand [Lv. 1250]"
        Quest = "ShipQuest1"
        LvQuest = 1
        S = "StartQuest"
        posQuest = Vector3.new(1037.80127, 125.092171, 32911.6016, -0.244533166, -0, -0.969640911, -0, 1.00000012, -0, 0.96964103, 0, -0.244533136)
        lctQuest = CFrame.new(1037.80127, 125.092171, 32911.6016, -0.244533166, -0, -0.969640911, -0, 1.00000012, -0, 0.96964103, 0, -0.244533136)
    elseif lv == 1275 or lv <= 1299 then -- Ship Engineer [Lv. 1275]
        Mob = "Ship Engineer [Lv. 1275]"
        Quest = "ShipQuest1"
        LvQuest = 2
        S = "StartQuest"
        posQuest = Vector3.new(1037.80127, 125.092171, 32911.6016, -0.244533166, -0, -0.969640911, -0, 1.00000012, -0, 0.96964103, 0, -0.244533136)
        lctQuest = CFrame.new(1037.80127, 125.092171, 32911.6016, -0.244533166, -0, -0.969640911, -0, 1.00000012, -0, 0.96964103, 0, -0.244533136)
    elseif lv == 1300 or lv <= 1324 then -- Ship Steward [Lv. 1300]
        Mob = "Ship Steward [Lv. 1300]"
        Quest = "ShipQuest2"
        LvQuest = 1
        S = "StartQuest"
        posQuest = Vector3.new(968.80957, 125.092171, 33244.125, -0.869560242, 1.51905191e-08, -0.493826836, 1.44108379e-08, 1, 5.38534195e-09, 0.493826836, -2.43357912e-09, -0.869560242)
        lctQuest = CFrame.new(968.80957, 125.092171, 33244.125, -0.869560242, 1.51905191e-08, -0.493826836, 1.44108379e-08, 1, 5.38534195e-09, 0.493826836, -2.43357912e-09, -0.869560242)
    elseif lv == 1325 or lv <= 1349 then -- Ship Officer [Lv. 1325]
        Mob = "Ship Officer [Lv. 1325]"
        Quest = "ShipQuest2"
        LvQuest = 2
        S = "StartQuest"
        posQuest = Vector3.new(968.80957, 125.092171, 33244.125, -0.869560242, 1.51905191e-08, -0.493826836, 1.44108379e-08, 1, 5.38534195e-09, 0.493826836, -2.43357912e-09, -0.869560242)
        lctQuest = CFrame.new(968.80957, 125.092171, 33244.125, -0.869560242, 1.51905191e-08, -0.493826836, 1.44108379e-08, 1, 5.38534195e-09, 0.493826836, -2.43357912e-09, -0.869560242)
    elseif lv == 1350 or lv <= 1374 then -- Arctic Warrior [Lv. 1350]
        Mob = "Arctic Warrior [Lv. 1350]"
        Quest = "FrostQuest"
        LvQuest = 1
        S = "StartQuest"
        posQuest = Vector3.new(5669.43506, 28.2117786, -6482.60107, 0.888092756, 1.02705066e-07, 0.459664226, -6.20391774e-08, 1, -1.03572376e-07, -0.459664226, 6.34646895e-08, 0.888092756)
        lctQuest = CFrame.new(5669.43506, 28.2117786, -6482.60107, 0.888092756, 1.02705066e-07, 0.459664226, -6.20391774e-08, 1, -1.03572376e-07, -0.459664226, 6.34646895e-08, 0.888092756)
    elseif lv == 1375 or lv <= 1424 then -- Snow Lurker [Lv. 1375]
        Mob = "Snow Lurker [Lv. 1375]"
        Quest = "FrostQuest"
        LvQuest = 2
        S = "StartQuest"
        posQuest = Vector3.new(5669.43506, 28.2117786, -6482.60107, 0.888092756, 1.02705066e-07, 0.459664226, -6.20391774e-08, 1, -1.03572376e-07, -0.459664226, 6.34646895e-08, 0.888092756)
        lctQuest = CFrame.new(5669.43506, 28.2117786, -6482.60107, 0.888092756, 1.02705066e-07, 0.459664226, -6.20391774e-08, 1, -1.03572376e-07, -0.459664226, 6.34646895e-08, 0.888092756)
    elseif lv == 1425 or lv <= 1449 then -- Sea Soldier [Lv. 1425]
        Mob = "Sea Soldier [Lv. 1425]"
        Quest = "ForgottenQuest"
        LvQuest = 1
        S = "StartQuest"
        posQuest = Vector3.new(-3052.99097, 236.881363, -10148.1943, -0.997911751, 4.42321983e-08, 0.064591676, 4.90968759e-08, 1, 7.37270085e-08, -0.064591676, 7.67442998e-08, -0.997911751)
        lctQuest = CFrame.new(-3052.99097, 236.881363, -10148.1943, -0.997911751, 4.42321983e-08, 0.064591676, 4.90968759e-08, 1, 7.37270085e-08, -0.064591676, 7.67442998e-08, -0.997911751)
    elseif lv >= 1450 then -- Water Fighter [Lv. 1450]
        Mob = "Water Fighter [Lv. 1450]"
        Quest = "ForgottenQuest"
        LvQuest = 2
        S = "StartQuest"
        posQuest = Vector3.new(-3052.99097, 236.881363, -10148.1943, -0.997911751, 4.42321983e-08, 0.064591676, 4.90968759e-08, 1, 7.37270085e-08, -0.064591676, 7.67442998e-08, -0.997911751)
        lctQuest = CFrame.new(-3052.99097, 236.881363, -10148.1943, -0.997911751, 4.42321983e-08, 0.064591676, 4.90968759e-08, 1, 7.37270085e-08, -0.064591676, 7.67442998e-08, -0.997911751)
    end
end
end

function TP(P1,P2)
local Distance = (P1 - game.Players.LocalPlayer.Character.HumanoidRootPart.Position).Magnitude
if Distance < 250 then
    Speed = 25000
elseif Distance >= 250 then
    Speed = 275
end
game:GetService("TweenService"):Create(
    game.Players.LocalPlayer.Character.HumanoidRootPart,
    TweenInfo.new(Distance/Speed, Enum.EasingStyle.Linear),
    {CFrame = P2}):Play()
end

function MOBS()
CQ()
local M = game.Workspace.Enemies:GetChildren()
game.Players.LocalPlayer.Character.Humanoid:ChangeState(11)
if game.Players.LocalPlayer.PlayerGui.Main.Quest.Visible == true then
            for a, e in pairs(M) do
                for i, v in pairs(M) do
                    if e.Name == Mob then
                        if v.Name == Mob then
                            e.Humanoid.WalkSpeed = 1
                            v.Humanoid.WalkSpeed = 1
                            e.HumanoidRootPart.CFrame = v.HumanoidRootPart.CFrame
                            sethiddenproperty(game.Players.LocalPlayer, "SimulationRadius", math.huge)
                            e.HumanoidRootPart.Size = Vector3.new(50,50,50)
                            e.HumanoidRootPart.CanCollide = false
                            TP(v.HumanoidRootPart.Position, v.HumanoidRootPart.CFrame * CFrame.new(0,25,10))
                        end
                    end
                end
            end
end
end

function MOBS2()
CQ()
local M2 = game.ReplicatedStorage:GetChildren()
game.Players.LocalPlayer.Character.Humanoid:ChangeState(11)
if game.Players.LocalPlayer.PlayerGui.Main.Quest.Visible == true then
        for ii, vv in pairs(M2) do
            if vv.Name == Mob then
                vv.Humanoid.WalkSpeed = 1
                TP(vv.HumanoidRootPart.Position,vv.HumanoidRootPart.CFrame)
            end
        end
end
end

function ABS()
if game.Players.LocalPlayer.Character:FindFirstChild("HasBuso") then
else
    local buso = {
        [1] = "Buso"
}

game.ReplicatedStorage.Remotes.CommF_:InvokeServer(unpack(buso))
end
end

function ATQ()
CQ()
local q = game.Players.LocalPlayer.PlayerGui.Main.Quest
    if q.Visible == false then
            TP(posQuest, lctQuest)
                if game.Players.LocalPlayer.Character.HumanoidRootPart.Position == posQuest then
                    wait(0.25)
                        local qu = {
                            [1] = S,
                            [2] = Quest,
                            [3] = LvQuest
                        }
                            game:GetService("ReplicatedStorage").Remotes.CommF_:InvokeServer(unpack(qu))
                end
    end
end

function ATEQ()
if game.Players.LocalPlayer.Backpack:FindFirstChild(_G.Selected_Weapons) then
    local tool = game.Players.LocalPlayer.Backpack:FindFirstChild(_G.Selected_Weapons)
    wait(.4)
    game.Players.LocalPlayer.Character.Humanoid:EquipTool(tool)
end
end

spawn(function()
local cam = require(game.ReplicatedStorage.Util.CameraShaker)
    cam:Stop()
end)

local Config = {
WindowName = "MCE Hub Beta Scripts",
Color = Color3.fromRGB(255,128,64),
Keybind = Enum.KeyCode.RightControl
}

local Library = loadstring(game:HttpGet("https://raw.githubusercontent.com/AlexR32/Roblox/main/BracketV3.lua"))()
local Window = Library:CreateWindow(Config, game:GetService("CoreGui"))

local Tab1 = Window:CreateTab("Autofarm")
local Tab3 = Window:CreateTab("Player")
local Tab5 = Window:CreateTab("Teleport")
local Tab4 = Window:CreateTab("Misc")
local Tab6 = Window:CreateTab("Shop")
local Tab2 = Window:CreateTab("Settings")

local Section1 = Tab1:CreateSection("Autofarm")
local Section2 = Tab1:CreateSection("Autofarm Settings")
local Section3 = Tab2:CreateSection("Menu")
local Section4 = Tab2:CreateSection("Background")
local Section5 = Tab3:CreateSection("Character")
local Section7 = Tab6:CreateSection("Fighting Style")
local Section11 = Tab6:CreateSection("Haki")
local Section8 = Tab6:CreateSection("Event")
local Section9 = Tab6:CreateSection("Random Fruit")
local Section6 = Tab5:CreateSection("Island")
local Section16 = Tab5:CreateSection("Teleport World")
local Section12 = Tab4:CreateSection("Redeem Code")
local Section13 = Tab1:CreateSection("AutoStats")
local Section15 = Tab3:CreateSection("Aimbot")
local Section14 = Tab3:CreateSection("Aimbot Settings")


-------------
-------------
-------------
local Toggle1 = Section1:CreateToggle("Autofarm", nil, function(f)
	_G.AutoFarm = f
while _G.AutoFarm do wait()
	    pcall(function()
        AC()
        CQ()
        MOBS()
        MOBS2()
        ABS()
        ATQ()
        ATEQ()
    end)
end
end)
local Toggle001 = Section1:CreateToggle("Auto Superhuman", false, function(vu)
Superhuman = vu
while Superhuman do wait()
                                    if Superhuman then
                                        if game.Players.LocalPlayer.Backpack:FindFirstChild("Combat") or game.Players.LocalPlayer.Character:FindFirstChild("Combat") then
                                            local args = {
                                                [1] = "BuyBlackLeg"
                                            }
                                            game:GetService("ReplicatedStorage").Remotes.CommF_:InvokeServer(unpack(args))
                                        end   
                                        if game.Players.LocalPlayer.Character:FindFirstChild("Superhuman") or game.Players.LocalPlayer.Backpack:FindFirstChild("Superhuman") then
                                            _G.Selected_Weapons = "Superhuman"
                                        end  
                                        if game.Players.LocalPlayer.Backpack:FindFirstChild("Black Leg") or game.Players.LocalPlayer.Character:FindFirstChild("Black Leg") or game.Players.LocalPlayer.Backpack:FindFirstChild("Electro") or game.Players.LocalPlayer.Character:FindFirstChild("Electro") or game.Players.LocalPlayer.Backpack:FindFirstChild("Fishman Karate") or game.Players.LocalPlayer.Character:FindFirstChild("Fishman Karate") or game.Players.LocalPlayer.Backpack:FindFirstChild("Dragon Claw") or game.Players.LocalPlayer.Character:FindFirstChild("Dragon Claw") then
                                            if game.Players.LocalPlayer.Backpack:FindFirstChild("Black Leg") and game.Players.LocalPlayer.Backpack:FindFirstChild("Black Leg").Level.Value <= 299 then
                                                _G.Selected_Weapons = "Black Leg"
                                            end
                                            if game.Players.LocalPlayer.Backpack:FindFirstChild("Electro") and game.Players.LocalPlayer.Backpack:FindFirstChild("Electro").Level.Value <= 299 then
                                                _G.Selected_Weapons = "Electro"
                                            end
                                            if game.Players.LocalPlayer.Backpack:FindFirstChild("Fishman Karate") and game.Players.LocalPlayer.Backpack:FindFirstChild("Fishman Karate").Level.Value <= 299 then
                                                _G.Selected_Weapons = "Fishman Karate"
                                            end
                                            if game.Players.LocalPlayer.Backpack:FindFirstChild("Dragon Claw") and game.Players.LocalPlayer.Backpack:FindFirstChild("Dragon Claw").Level.Value <= 299 then
                                                _G.Selected_Weapons = "Dragon Claw"
                                            end
                                            if game.Players.LocalPlayer.Backpack:FindFirstChild("Black Leg") and game.Players.LocalPlayer.Backpack:FindFirstChild("Black Leg").Level.Value >= 300 then
                                                local args = {
                                                    [1] = "BuyElectro"
                                                }
                                                game:GetService("ReplicatedStorage").Remotes.CommF_:InvokeServer(unpack(args))
                                            end
                                            if game.Players.LocalPlayer.Character:FindFirstChild("Black Leg") and game.Players.LocalPlayer.Character:FindFirstChild("Black Leg").Level.Value >= 300 then
                                                local args = {
                                                    [1] = "BuyElectro"
                                                }
                                                game:GetService("ReplicatedStorage").Remotes.CommF_:InvokeServer(unpack(args))
                                            end
                                            if game.Players.LocalPlayer.Backpack:FindFirstChild("Electro") and game.Players.LocalPlayer.Backpack:FindFirstChild("Electro").Level.Value >= 300 then
                                                local args = {
                                                    [1] = "BuyFishmanKarate"
                                                }
                                                game:GetService("ReplicatedStorage").Remotes.CommF_:InvokeServer(unpack(args))
                                            end
                                            if game.Players.LocalPlayer.Character:FindFirstChild("Electro") and game.Players.LocalPlayer.Character:FindFirstChild("Electro").Level.Value >= 300 then
                                                local args = {
                                                    [1] = "BuyFishmanKarate"
                                                }
                                                game:GetService("ReplicatedStorage").Remotes.CommF_:InvokeServer(unpack(args))
                                            end
                                            if game.Players.LocalPlayer.Backpack:FindFirstChild("Fishman Karate") and game.Players.LocalPlayer.Backpack:FindFirstChild("Fishman Karate").Level.Value >= 300 then
                                                local args = {
                                                    [1] = "BlackbeardReward",
                                                    [2] = "DragonClaw",
                                                    [3] = "1"
                                                }
                                                game:GetService("ReplicatedStorage").Remotes.CommF_:InvokeServer(unpack(args))
                                                local args = {
                                                    [1] = "BlackbeardReward",
                                                    [2] = "DragonClaw",
                                                    [3] = "2"
                                                }
                                                game:GetService("ReplicatedStorage").Remotes.CommF_:InvokeServer(unpack(args)) 
                                            end
                                            if game.Players.LocalPlayer.Character:FindFirstChild("Fishman Karate") and game.Players.LocalPlayer.Character:FindFirstChild("Fishman Karate").Level.Value >= 300 then
                                                local args = {
                                                    [1] = "BlackbeardReward",
                                                    [2] = "DragonClaw",
                                                    [3] = "1"
                                                }
                                                game:GetService("ReplicatedStorage").Remotes.CommF_:InvokeServer(unpack(args))
                                                local args = {
                                                    [1] = "BlackbeardReward",
                                                    [2] = "DragonClaw",
                                                    [3] = "2"
                                                }
                                                game:GetService("ReplicatedStorage").Remotes.CommF_:InvokeServer(unpack(args)) 
                                            end
                                            if game.Players.LocalPlayer.Backpack:FindFirstChild("Dragon Claw") and game.Players.LocalPlayer.Backpack:FindFirstChild("Dragon Claw").Level.Value >= 300 then
                                                local args = {
                                                    [1] = "BuySuperhuman"
                                                }
                                                game:GetService("ReplicatedStorage").Remotes.CommF_:InvokeServer(unpack(args))
                                            end
                                            if game.Players.LocalPlayer.Character:FindFirstChild("Dragon Claw") and game.Players.LocalPlayer.Character:FindFirstChild("Dragon Claw").Level.Value >= 300 then
                                                local args = {
                                                    [1] = "BuySuperhuman"
                                                }
                                                game:GetService("ReplicatedStorage").Remotes.CommF_:InvokeServer(unpack(args))
                                            end 
                                        end
                                    end
                                end
end)
-------------
local Dropdown2 = Section2:CreateDropdown("Selected Weapons", weapon, function(weapon)
_G.Selected_Weapons = weapon
end)
local Toggle01 = Section2:CreateButton("Refresh", function()
table.clear(weapon)
    for _, we in pairs(game.Players.LocalPlayer.Backpack:GetChildren()) do
        table.insert(weapon, we.Name)
end
end)
-------------
local Toggle3 = Section3:CreateToggle("UI Toggle", nil, function(State)
Window:Toggle(State)
end)
Toggle3:CreateKeybind(tostring(Config.Keybind):gsub("Enum.KeyCode.", ""), function(Key)
Config.Keybind = Enum.KeyCode[Key]
end)
Toggle3:SetState(true)

local Colorpicker3 = Section3:CreateColorpicker("UI Color", function(Color)
Window:ChangeColor(Color)
end)
Colorpicker3:UpdateColor(Config.Color)

local Dropdown3 = Section4:CreateDropdown("Image", {"Default","Hearts","Abstract","Hexagon","Circles","Lace With Flowers","Floral"}, function(Name)
if Name == "Default" then
